61678933
72330708
41928803
72331004
72240936
37088679
60338248
72329651
69657473
70849606
72327832
72326703
50291264
52781064
72318604
72268944
49934658
72321900
65570180
65065285
59694022
72318474
44215473
72283809
72311364
71647218
72318155
72317324
72237859
72289296
72212392
72315240
64872216
72248714
69108033
72311282
63243128
72309560
59351075
70918809
71909469
72273983
72304956
72291404
72304426
54083639
72290611
72300655
72302654
72285366
72297889
48873594
71527979
72222416
67275615
72294820
72284492
72281647
72292563
72291872
72290167
44515031
72290140
50772230
72282107
72288661
69101453
72287934
72287231
67135414
72285569
72247272
72272631
26469365
72270595
72280735
61208049
71953644
72281705
53749357
72279233
58033444
72238631
72271381
72277426
49846295
72276329
71525731
72249931
66837991
72271036
68688349
72274375
68640342
33825949
72044940
72271369
72260249
56461156
72266035
72266493
72263542
72258634
72262882
72261534
34342413
72259700
72262023
72218649
72260494
72259577
45348820
72246725
72259009
72258349
72255932
72191690
72254271
72256320
72251000
72132526
72254971
72249016
69598009
72205108
72244079
72247872
72162975
64050465
71195479
26969800
72243696
72244581
72236145
72245332
60465435
72210449
72244580
72235110
72228659
72239497
59684138
72235984
69034879
72238362
47531742
72220308
72238564
72220023
45685026
68626210
72230240
72235701
72157241
72199496
72233983
72224183
72232202
72231438
71701872
72150544
36140791
72231472
72230264
65610003
68727567
72229144
69388639
72229478
44386394
72228934
72227417
72193270
72227858
68908278
58743541
72200244
72224454
72210929
71979111
72224529
67921860
72223510
35707819
72222400
68223418
72218706
31712046
57118812
72148982
72218541
72218755
44213446
44243763
72206228
70529629
72187769
66651640
36253310
71312217
72143246
72011425
72212176
60672406
69301981
72210389
72209349
72196241
70315232
72208002
72207447
72192793
72093321
72197627
53191468
53862838
69370927
61833378
72154536
44427382
72198313
72193761
72091571
70776567
55987208
72193962
72192016
72192897
72190704
72192004
72187714
72177330
72155570
72187543
69097282
72187162
72187351
66687193
72070025
72183641
72184399
42066066
72179421
70620088
72176801
72180576
72183765
51305150
72183885
44620835
70144298
62471849
72140298
72174391
72068038
72181245
72125027
72170599
72169008
72154178
72176068
35651561
66075399
68356051
72173869
67725272
72134357
72173429
72169376
72170310
72170968
67448034
72169142
65179275
54951793
72166581
72151498
66555734
58611875
72165340
72165017
72164858
72158784
72155334
72143422
72163684
44190468
70645152
68473542
70202573
72150172
56376519
72160844
72158341
26911469
55505049
72157956
71707273
72159869
72151278
72151503
72153393
65671739
64458147
72104017
72138158
72151927
72151039
72154732
72154818
72153865
72150267
54313453
72152060
72147976
68573228
72151368
72141428
72148599
72149987
72147562
66891349
58018526
72146001
72145548
71654531
42874190
39634242
72135518
72125992
72139583
72139521
72137754
72128802
72140614
72140363
47362581
72113443
72057478
72138752
58298010
71712159
71285843
71641264
72128010
71980784
72128161
70903531
72131480
60765370
72119864
48988778
72128670
72124362
72067237
72124367
72126619
72122562
72124072
65500882
52265326
72117435
72120642
72121042
72118528
72120064
72098826
72119644
72119125
42312826
69326413
72118637
72050374
72117989
72114719
69144601
72116406
56231855
70645260
68576435
72111405
72114590
55756571
72109324
72046683
66610044
71622730
72110621
45525279
45464138
56535720
15171049
60061168
72107080
53160991
72100789
72104116
72106413
72103170
72096583
72104453
54892529
72102972
72088857
53505345
72101270
72101678
72097038
72060538
72075516
72099616
44342776
67111020
72098694
72098894
47204146
48898102
70725387
72095988
50355071
44870961
50922473
72066824
72095845
72093592
72094939
72092165
39193268
72093680
72092137
72086109
72087000
65678107
72087717
72090866
72088461
72090423
72086989
55880604
72089238
62245810
72084320
72086053
72032319
72087639
72086287
58767733
72066943
72050472
70359416
72085437
55575122
72085139
72084414
72080722
72084268
72083686
72056279
72081820
72080923
72080282
72081206
71773996
70694011
4459058
72078974
49402001
70919127
72072591
72069359
61215947
72058095
72071355
72072777
71895387
26444145
53470434
72016139
44789492
53304347
72067348
72068024
72067619
71533041
72067215
67334537
70148577
70645699
71387076
72065674
72066586
70838476
72065498
72066188
72041615
72065311
72017226
70739459
53407101
72060779
72057449
72051560
72061791
72060940
69939791
44315778
72030837
72058263
69002018
53576189
71036617
51725904
45173677
62128321
72055160
49538701
72053867
66489605
72050505
72053990
72046559
72046275
50044283
72051814
63379866
71377312
72008121
68344424
72047862
61050721
61316162
65035939
71927245
72003492
68788677
72044939
71788494
61870234
44728519
72006271
69147212
72043968
72041749
61139649
72042808
53344033
72042502
72037518
72026648
71978352
60598227
70221688
72030560
72038610
39806721
72039437
72027557
65835642
65382175
67410992
72035188
72036568
66044784
72035343
72025124
72019390
72035639
72018558
72034472
72030397
60474010
72030710
72031349
49011924
72012644
72013214
72029209
64476827
72028055
68554294
72027664
72012798
72012330
63875411
71965255
72024829
72023389
8077530
56276969
72023633
72009840
72018877
72017609
69482723
57240992
72020695
59338119
71881385
72019055
69356381
71999376
71864392
64981310
72016795
72003133
72007119
71986578
65085913
71337795
72012553
72011233
72005526
70769037
71997619
71997807
58297275
72008186
72004860
72004366
72002725
71999378
71999890
46950837
71999921
72000957
71996935
71910678
71974824
48474520
51964233
71996179
71994988
59713224
47121003
71977025
71994370
71993759
71992410
71992973
64742457
71983837
71258719
71987208
71990563
71985276
71988208
71988661
71987684
71967561
67600344
71980815
71985227
71982238
66018084
71372578
71984257
71957780
71976702
71982648
71977903
71976703
69800618
71980733
71981177
70486047
71975605
71978593
20670828
71972954
71977830
52111516
71974171
71976264
71969439
71972387
45924505
71964043
71974846
69456367
66216839
69426486
71969239
71970713
70449911
71970678
71884041
71964473
71908199
71969021
62652452
23086291
66735070
71937748
53928668
71917856
71951194
51799353
71959262
71920227
71923496
66474049
71959476
71914158
71946790
49551461
71801345
71946370
71958414
67744002
68254102
71948088
71955194
71954850
71950865
69179538
71951827
71944104
71951453
63776069
33849811
71947563
71951505
71946014
71950681
71869927
71936532
71949134
71947553
47055804
71947030
71945586
71938287
71945317
70153869
50859039
49622607
5662828
72180856
13816464
72138951
72109755
72069479
69939368
72041718
17880287
17689055
55869022
38210743
71928365
71934919
71929507
4066438
52594637
9842494
6077141
26975492
22376202
52707918
3149216
71513208
71571751
38917751
44180093
58457110
71448123
71427075
71445963
71462584
64257816
71337857
71401312
71341403
71270769
54901647
14688030
33919040
71145526
9170042
71075300
40032550
50530889
72362374
67927087
67284495
60548636
72151447
39842324
72341303
39250645
58894078
53554731
67455213
62101488
34613006
72334988
27212674
71965352
72281383
72292644
56103865
60906953
72292639
72177174
71187004
23228899
72259357
72260165
72257653
45456006
40143131
72242329
72237645
72234473
72224486
69082693
54855740
64494705
29511219
72185060
71839105
69955240
72178330
59365061
62431605
55811502
72148088
72141983
53228165
44632637
24721903
44457138
69482465
50594411
66185688
72052783
72100556
69778975
71683772
54289815
25221080
28198983
32718397
71983801
72067784
72071942
72065322
53323951
48162738
72031655
54598085
51870573
72016516
52193608
70660080
71822954
72002745
71972960
62252525
45858201
62288293
71977457
71930940
61043323
71890610
71898599
71706711
61951838
57956423
70970397
69375905
64726502
56637790
69665957
71756102
71921558
45215094
58407638
71878124
71903192
63794562
71904724
52093163
60338913
71861868
66228788
67115195
71875519
63328489
67615071
71845858
71844240
71719134
64194594
70238217
71518680
71828349
39005292
70429044
57350374
71815102
71811368
71809819
61641275
60286018
71785037
42921220
52581088
66016536
71773706
67689732
60010945
71739090
50988174
70465495
71490192
29280945
51544863
71740399
61324645
71729471
65701840
68540597
68678008
60285012
66477843
57092645
34354243
71683705
71679465
71674237
71666052
53903976
30627749
10296110
72130959
72031625
40156906
47141095
71879961
71508178
60308092
62399461
52444272
66455570
71699550
30292783
71644596
71417967
71324810
71337428
71270321
57478894
71082009
66764260
71068791
32380503
42972985
42786275
47171302
68737413
70783732
42406022
70682864
52440243
40980978
53324936
34054009
70345419
42575867
66915068
70248935
70271217
31748751
31056918
34397524
19870771
49840444
60690471
69760356
69832765
38562341
53262783
42773526
27132799
54115627
16696412
69509400
59711869
38376153
68882674
43041775
69052484
40382882
46113461
68677230
37597080
58903155
68417481
55859478
46812716
68067107
68143543
25849858
47351236
42951216
36782506
34658871
66823421
66848733
62395286
56558775
33111882
66868164
66843155
51099003
33166222
32846738
45625890
59153826
45029840
66216551
66172497
24631428
66159446
38483294
33267820
33647135
40659585
24002212
56237797
64396277
65281192
65244685
64542978
28148743
37869418
64923489
64633379
64576388
39229722
39437122
64328543
54161491
23381459
52776716
55433101
63994569
63960100
63414280
63838680
63774769
63006510
37662372
63669276
57992442
63574926
32926643
30083487
63365800
20807131
62863041
27813115
53598321
46295418
59563027
54458960
62346030
53600222
62379543
61832880
60191801
56572144
61809096
57057053
61896277
58320898
44169967
56001540
61595495
61482559
61487471
56104739
52924431
52504050
57588441
60887866
60617545
20039221
16046474
60630867
58432673
28145735
60562063
35970006
60497147
59456786
60205899
60249985
60241610
57433975
60188034
60020426
24951421
60040969
59954140
46609172
59921907
35813090
59711704
59710644
46359663
59608753
43001367
59470752
59342653
52759444
59134791
37307671
59063603
58950325
19512102
58944814
45922916
34249451
58586207
58683695
58763064
57657524
58728051
38737127
58427880
58605219
58637575
58496205
52786154
58534129
58368302
58345896
58158711
58102356
58074657
40300469
58043486
54168413
30908969
57931138
57896811
49930015
57863374
55159641
57469564
32484985
57344170
56742767
57654413
25911722
53405681
22732314
57482544
57454354
57422603
57282437
44580314
57330535
36339690
56846280
56887568
57249405
55830607
56932772
10809445
57005102
20860832
45586828
51383484
56905236
56881324
56818161
56771259
56752872
56580475
56627469
29969545
56532069
56543389
56523179
56506729
56465017
20001153
56259414
44503704
27245597
56107180
32142463
56081859
53810740
55706092
33999763
55503564
33393871
55333501
53577274
55359190
55001845
54732957
54834138
54829474
38910107
54733678
37804878
54394167
54196064
53633711
25250061
31861807
9748417
45676802
44815496
53442211
42935170
32603661
53295135
40281000
53296618
40703567
41148294
48497484
53012786
29021331
52761004
52826497
52718968
50351638
52586462
30956463
52331333
36852840
52173040
52109231
33058808
30155227
51216343
48710613
50522791
51314887
44240274
51220382
51142771
49899580
33254095
42188261
50950654
50921521
50734475
50627644
50613073
20847279
50511401
38473521
50046815
49971535
19171297
49648528
38870494
36419322
48965845
18976851
48230164
48541387
48527661
48504032
18558927
22177590
48382075
48423215
48353564
48018441
48303206
41535273
42314324
35879119
26305380
44848195
44613144
44212806
47425552
47355097
47325988
47114902
21004481
45631959
33733091
46832752
46646845
40191988
46575450
46419837
24806453
46323033
23964922
46091584
46127894
27976895
45954821
45727560
45865658
30168248
45567550
21855540
31713525
14948341
41787774
45180338
22524248
40279233
1972895
44844161
44717879
44560981
43207659
43747857
43673160
43886009
43971063
44053270
12025611
43775184
43939357
43833929
33785761
40953898
20910315
43470664
43446625
37390939
35360700
43234450
43063991
34581576
42888822
42819656
33959061
42257971
42342395
42148252
41994767
39735780
28881411
32654554
41221034
21692974
41667917
41310713
3096378
41639909
19954420
41525838
41429025
34650509
41207812
19527963
41027405
41019619
40510499
40485911
29973068
40537893
40385778
40278040
40280463
30373074
40018910
40043239
24279606
39971863
39707241
39883927
39820556
39828667
39827614
34000017
39675248
33996975
39632866
39509223
39483147
39484616
39410667
39342934
33084389
38697374
39275101
39226329
39167022
39169065
1759626
39140984
39178718
39113061
38154140
20483097
38816098
38629337
32679315
38824255
38739302
38515527
38473118
31869269
38275450
37867609
28396075
22965839
37762095
24627550
37675604
37633974
37471013
37032558
26663539
27840547
37435223
37309193
29329658
37283294
37264900
37252307
27014705
37101241
36775021
37127450
36556854
11785239
36992324
11135105
35927893
36559899
21697029
35133519
36106006
35765760
30241334
36410024
17227301
17791191
25634991
36175756
35607500
36080941
34054500
30876109
35044266
35789390
20845021
30878235
35232782
29492858
19793381
35306033
35233997
24649037
35224713
27747161
35192500
35210714
35190048
34953232
29870614
34853185
34900340
34831694
34804039
27641965
26697120
23060921
34075343
34629899
34590614
26340426
34452717
72400445
72394353
65982720
72386022
64537974
72299745
72379310
72345949
72358537
62729794
72359980
66705562
72344535
26381016
72348611
46934886
21893447
72311939
72346238
72328344
36436031
72340289
72336324
72109110
57925129
61258329
48690492
70395878
31169029
35929530
72143273
72287360
72315288
63695441
72306234
72296645
72302374
72265467
72307970
43838615
72303067
61199265
64483721
46978983
72254347
72284681
44009058
43898891
72288335
71411892
72275564
72270274
72278737
72277317
70011243
72273860
72274046
72261918
72234403
72220259
72246787
24622016
72233149
61168122
72242843
72251848
72249411
40932979
72218994
72219084
35561290
72228035
72215528
72225642
72221580
72213741
72196058
72201437
72170198
68724240
72186636
72193997
72184858
72185175
72141296
46809733
72180479
72166128
72170399
62364417
72173855
72139486
53532836
72154389
72103672
72144930
72126984
50174474
72137052
72126274
71744706
46783966
45879513
72121785
72123450
44912239
72121469
72111422
27754000
71013083
72118098
59920692
46462846
72106322
72099023
34187555
69270973
72106566
72100285
72048655
72104209
41084898
70332420
72090202
72089160
72092899
72093710
72089854
53147798
72081168
72058607
66486790
72075061
72068567
44841689
72061656
72052605
69458719
72042551
72033856
72033432
72039637
72033356
61233765
72008151
71283062
72021488
71956934
58264589
72011091
44004161
72012925
71735005
72003781
72000384
71993073
71960249
71983499
71993287
71973409
71991916
36400815
71849857
71986479
59321233
32617687
60833381
71982847
71981632
67536433
71236324
71952448
39772096
45068889
71932036
38240733
36482560
47357595
71882172
71930710
51853980
62636281
38476609
58320087
71909050
71903265
63707424
71905309
71905740
28848545
71896713
71888747
71885889
60041116
71871327
71873117
71867061
71856671
62391811
71830963
44110231
28960751
71861188
71774205
71846905
71702055
36538257
46983290
71844663
71841171
71829796
71831870
71831439
71828431
26093173
43752085
71813287
71710109
71816978
71810191
71806110
27175079
71797221
37414063
71713219
57653728
71780325
71769337
71771456
71768689
54070344
71660031
71748938
43752952
42945605
68540942
71737909
43369264
71738636
64263811
71711990
71730655
71719753
71712337
71717534
38456618
71631928
71711200
56507950
71669340
71681387
71708644
61625626
71703743
71690965
52035737
63861927
71681800
71685394
71684612
71673405
71674261
59914378
40869804
71452619
71665580
66029781
71643920
64800393
71603083
71651354
71621559
71635211
71639603
71635808
71622063
52926088
71632336
39673153
71628081
59097480
71579834
62570364
71618285
71616486
71616874
71603484
25508487
61030699
71594514
70251948
71541371
71572371
64134369
71552999
71569444
71570187
71568962
71559637
71190208
71557008
71493963
71540159
71558788
71551316
71524746
71547657
71484901
71491836
66990741
71500406
71422695
71517666
37449182
71460025
52679493
56223503
71499990
71497556
58342738
66479751
52419986
64887786
71465364
71463720
64083443
56741663
51401053
71436243
71439481
71433533
71443507
45382536
71432680
71424089
71428855
71424913
64716433
71415167
55520143
71406270
71409476
71353267
71307804
71404738
70988242
57810404
71390053
71392932
71385544
71388956
71369925
71382359
71365561
71338197
71369369
71370602
71349984
71358375
25272474
67538569
71344984
71337933
71342038
27709327
71336718
71028853
71332840
71342170
38103271
71334793
43540075
71326660
67176143
65565320
71324790
34723855
71318866
71318278
30095689
71311623
46407060
63322731
24102124
69725803
68302342
71001039
71267250
47180471
51853487
57369411
71273270
71278058
71278670
38224370
71268178
71246778
71270330
71267735
38063837
71228274
71222978
71251733
71251906
71254302
71248513
34966066
71173016
71183426
39648176
28497911
42170235
70981275
71240456
66817082
49776665
71227429
71218242
71220509
69935792
71146641
71141745
71190572
67735309
25885238
71198567
71175063
71167876
62586261
71196649
67474928
71190478
71056264
71189490
57646042
71187041
71108651
65106633
25929565
40329955
71171941
71167937
71163151
51556376
71159236
71159728
28927167
47510753
51030666
71149832
71151359
62548047
71144018
71116177
71139432
44863875
70893263
71129027
71124639
71112792
38984759
71102175
70970031
71108400
71108449
71105093
71100605
71101463
47286106
61022911
58352925
71004218
71062550
71073804
70975804
62340694
68730991
71032284
71044956
68576105
62302832
71050988
66315884
71020151
53162498
71008174
71009771
71018938
70946871
71008175
70962269
52676998
37813633
36615712
71005865
54810890
70946203
51557114
54169553
51929164
70911024
51162249
55924199
64869748
69014724
29606787
69191593
60197785
72396836
42037925
72384047
72385045
72365144
72372441
68346778
43845385
71651615
71638079
52304368
71631856
71621900
71588979
69284238
33275998
54887852
59779013
58672973
71576291
49328080
32197369
68051208
66026629
69257743
71229819
63296586
67723322
71556816
71555392
71532287
71533196
45247490
71519703
65862916
47849258
67638293
71516095
25192172
51581970
71515235
71347940
70366455
71517552
34819857
64252162
64257785
52944792
35501417
45409052
41616416
71375006
69119951
71231118
57557068
71469874
71426034
71460958
71453432
71448418
63084828
45587421
41239983
71351073
71405003
71379607
71281716
71391860
71367141
71378892
71369996
58977083
71338111
71247931
70578246
61422423
71339004
71322798
62081303
69544641
59614670
71316811
38104702
55970136
71297460
71298453
71284472
71262139
57075588
57923992
71130090
49463700
30324899
57421889
71246753
71015618
71246648
71240615
70941772
24683566
71171755
41597828
69026563
58386086
37415134
71196755
71194375
57252911
71190495
71188234
63880704
71144981
28944494
71154019
64781689
64898863
70953186
71065460
71168960
70453351
71132922
71155681
71133842
68795861
51602082
41868836
71134122
71065078
71118319
63676512
53399998
34907682
71105382
70980393
45910519
42651012
67157493
60577414
71096707
47760038
70770652
71048963
71083082
71077241
69128608
48099582
71059909
60436397
71034585
71066254
68668818
56426772
71056143
59026176
63737474
66732926
71045066
70431661
71038315
63874373
44381358
69054976
37586698
70848936
19974902
71002149
71004336
71001582
70990508
70993750
70972382
70002327
59211476
46232935
70981863
62004055
50729114
69043413
62926093
70958650
70949678
70942770
61892608
43702989
70936990
52117442
60685466
70879402
70918041
60851046
70912532
55594959
70755568
70868146
70861948
65942434
35913128
70779313
70870472
70606430
65103726
70672632
70566222
53880828
70853022
70844998
44065099
39977628
55037098
32573350
60613071
70787801
63616953
70787119
70744871
70791907
70746500
70784335
70761870
70776857
70650811
70772341
70754997
59148831
70716506
70745472
70697508
68656900
70738564
69937419
70697388
70267730
70435474
70280433
70717823
49316634
47329158
70700639
49792196
70674219
70643674
64124297
70686669
70679723
64039700
70467740
70673327
70645555
70654661
70542110
63457158
45444601
70641923
57412971
69207807
70627286
70629624
70583310
70626383
41376147
70607214
33605230
70598582
70585525
48574228
70588881
70580897
42878179
70584209
70095266
70533986
70578740
37549205
70533660
70558596
70554176
70551220
70549792
70539114
70535115
40360109
70539945
70491305
66661305
70470649
70501611
55024239
58561825
70503037
70503083
70495216
38323663
62401271
36128158
70301050
70490067
39622387
70472997
70436648
70463140
70421213
49185664
70453007
70420163
52141085
70400553
57047922
30210750
70410952
60161879
62191849
70360340
70417759
70416716
70368813
70383159
70403219
70401538
47432822
46135993
41079014
70397786
70359095
70392879
51119645
32335101
70362799
56984075
70260437
70374062
41078440
70363451
70359971
49314664
70350115
48640889
70336011
52683976
70305189
70313615
30345035
70273863
41305161
68407255
69909337
53395620
55556201
70287837
70168450
70209909
45211533
59346167
70271253
38174997
70266405
29428929
35952538
62688010
65093514
70257927
68567569
36198165
70255184
45257671
70240682
56953368
49422153
70245193
60921712
70212730
62195187
70104060
39408076
57430445
70143904
58975546
70177547
70200636
62047127
48170860
70188165
44227834
70177060
70168102
70167837
42205121
46896574
70151599
21257786
45541550
70098226
62815060
70089259
70102955
70123220
70116406
69530720
70117237
45661693
68756801
69856650
70080428
70066269
68738355
68261839
54470937
36970425
70083490
69676709
60082463
69431006
35464456
52785797
62184451
70057369
57198712
66673063
69980549
43316758
67173729
32153494
45976858
70005317
50854125
31772742
44814165
38491083
52885720
56996294
70012184
70009164
51850591
64372383
72455343
22646344
69540688
23372819
10798357
69322694
32487192
60722231
22526992
37575043
66603488
55795041
48678598
17840521
16539684
69541831
60154011
44954122
71988229
71914593
5904765
16564286
37478507
71769470
7266298
68250933
69233386
54085845
58318143
71793910
56649760
71239663
57163022
71728538
36414219
53409479
32913157
40501986
71698340
46429958
69431521
29122903
10202957
32782822
7432449
71386355
68438162
49183886
57576202
33164778
65956822
6378483
71213677
28001915
71179303
27274339
70896586
52387886
24745398
40520324
70752561
57855409
24312632
54476308
68622756
40415510
25079145
62025607
28638809
70505843
10266291
6946529
70317591
70310211
16604150
67622957
67711907
55014879
50315422
70166739
70166181
70104842
38634510
53733781
59160557
20325615
47035105
69685120
53182634
41812638
11364549
41822747
59803340
52503989
69650029
69519248
9752759
31068440
44775860
50634353
69496549
69508499
30996574
69479670
10988467
65551415
67729247
69335734
55351668
50379066
43939090
60830083
69101696
67833120
69031126
69032640
67974978
61146248
54967251
68873570
57234324
68871812
35173222
4308249
43439549
63704514
56600516
63328010
45219049
41393423
28056980
4893403
68634827
6494567
52246964
11196912
6017646
68504117
67571298
18436383
19355783
46594737
68454038
44946675
6243047
66451477
68371886
21546906
41413837
68350094
68344349
68347241
68346460
7839218
67922313
61157024
16164327
18111739
49801543
68100973
12822185
16859727
19725973
43589770
67950086
67624734
67879897
33228158
63603833
67686532
65736814
67659557
47171929
50051974
67570779
67420114
44174164
27525380
67516537
67423616
62716782
67455135
67441634
67435581
32286201
52461798
67259253
10759753
67187185
44539053
67186084
27522184
28510045
5140085
67102472
66944043
35649726
67044851
67041827
64254163
12734953
36632649
53077963
44550342
7467848
56773090
10203126
39620739
61523713
65373119
55184167
66581033
65106817
40527332
55291680
58916014
35231168
66426906
66339827
66305360
66329048
11330180
64972137
66069240
66159542
66122332
66104131
66102425
62750747
65597460
66061317
65613934
52952226
66020270
19892462
26534304
65714064
65738863
65843894
60604923
7260376
38165186
3020927
65847581
65795942
65785428
27357180
36623681
65666301
47370186
19292687
24701029
41892544
65351814
65540357
65540588
29830441
65506461
65365470
39091845
27421134
65273837
34597085
51207766
65157203
65106269
62566812
46648540
64917805
64847061
11294487
65019442
64824924
26967722
36810430
64884994
51209695
64927686
60332482
29738953
7297577
64353345
64536933
64794292
4705053
3217925
44396499
64745712
63649479
57109366
64709028
64641056
64621191
64546105
64596117
64582924
64566245
29670275
64494220
20860277
64398479
64445451
5990661
62510826
64378197
63022415
4629308
44736135
44882729
63607389
37246792
40474050
36932662
6308782
58390545
19343797
15263919
55479984
63954484
63916322
44831798
47800043
48549563
63803579
63800440
26970144
10547818
57230505
63661040
63696462
49322783
63612908
62718266
57909649
39330535
26590296
33850164
46488566
29605029
62776792
63353526
35750462
46847482
54438558
12640377
63219377
4455941
63169912
63158169
63118890
63070834
62398886
6426911
63007272
56889114
12841240
62964330
62964094
51784882
62878679
62752494
28413530
7165097
48317701
62790993
62493573
62723007
62722111
62692410
13772704
62677446
42739916
62645681
6660577
59278477
42918762
62479026
62537526
11338022
35140809
50421561
34891686
62416742
9093214
62370978
62366261
62070172
62243527
14643571
7710123
62327296
62320330
60401114
53082266
61791591
62186034
62175986
42823697
62147366
49212540
62068198
9079592
61999948
22686900
32413593
20744349
16868450
45911236
61831331
51930836
61807285
61711913
25559996
37279026
4339053
61671041
61697669
10881411
61649693
61654541
48829644
61563685
61442431
61618705
61092647
61596778
61517806
17383552
60392680
61445149
57609738
61407109
22620667
13893089
2197889
33994100
61275196
20938979
61168825
59184160
61078147
49756687
1992953
61056127
44297396
47003916
44808206
61053320
61008108
61004867
20650913
60951864
60947912
35316919
9211163
38230094
60752237
23321680
50986823
60761112
44501079
20952608
60669280
60674428
19407026
13317387
60592556
31385766
9783765
40233281
60532473
38102866
4200119
24450144
45958214
43350182
45385460
22326302
56364635
42577378
46368495
60055133
8980284
60142763
56628070
45725259
29966399
37370259
60187172
60064530
17519116
51727780
15896650
27292744
11558899
9563238
59976779
59953023
56551036
59883673
30026030
44793617
53058077
59820980
59790540
50286817
22516593
59695125
59670951
59660321
59624824
59623234
12103411
59568911
59574056
45231232
14989397
51322811
59433133
55966582
33471624
59331192
59042846
59321991
11621449
59298792
36976762
59296640
59295680
58945333
59258605
59025917
58703959
57888727
59102301
35642315
49976403
59048660
58980171
55855375
9324772
58955968
41826533
27833530
58956435
58927088
58935832
57899363
25643770
58745415
54354021
12869305
5314036
18371626
58837976
13124970
14928197
4205468
54990430
58592642
7595324
51471908
58687011
58644987
40307291
25507780
58629139
58610290
12131429
58534601
51992286
58466546
10296932
6276933
54361953
58364987
30801752
58340789
52072540
36642299
58315873
58293793
58288521
53478752
6374523
6197119
32150500
50525346
56337869
30649589
58129674
26483385
58113560
10366389
35178293
25116094
57986159
20193039
30782848
56339224
52770962
9605757
53851099
57939184
57923889
57868273
57864095
57909770
57903759
57887736
20921380
57845043
57842679
57854739
57833221
57843472
13133302
25149481
22083255
57743462
10363021
57730457
38590993
11190469
31564308
8295728
57690930
9372373
55062730
57609903
57552807
47303004
47813764
10738623
54785091
57408835
57398035
7091524
57289494
33291906
57254023
57166218
57238808
57189936
51452965
41764779
57116122
50576767
13909137
4714411
57083946
31979965
30923700
56956070
56989269
57028836
9130429
56731226
57019597
15037530
38040925
56247031
56946370
45614205
28661615
56863900
56838599
54537033
56837993
34698592
56812826
56779299
56779125
37883657
19808610
56526725
56629456
56482622
33160176
56528635
55024756
55344799
2874347
47999434
56495381
7080525
56400140
56429039
56353407
29801425
56066986
56401768
56395002
56392468
22354041
54656695
6143134
56350432
45236535
41374243
56173598
30498776
56315848
27148536
56289933
14444776
56296901
56238019
25362966
50734201
56230509
55500104
55571842
56057335
56215481
13005303
46217115
56194237
48429139
16178558
41698223
56180528
56102910
56165564
56153559
50087549
56072565
6660621
56048494
30266741
54468624
27501637
31686954
55966978
12524664
55937721
52363215
55945468
55859166
55911059
49190364
55796908
55895202
55830726
40594699
55756626
55746857
55649669
54586363
55718796
55701944
55685481
55523463
12702868
3046573
55609087
44672467
55587781
55467284
55521507
55319981
26361447
55470131
55423793
55458241
55444702
8881645
54550668
55348561
50005396
5337833
55317842
45695678
55202763
33068416
55178721
55175571
53746788
42706917
45837496
55117666
50677231
55094723
52399695
53762429
54929668
55038290
55016149
22554516
54974981
7032695
54421427
52577362
54966701
33476312
54958761
54934142
54902164
54936744
40134153
54782251
54337502
10778883
52000848
51544076
2248995
54750330
31516952
54760308
54605151
54705568
5299802
7334751
54643544
18250951
54605316
54608321
54581564
54470140
54515598
40243009
46201210
54484636
54474230
54450398
54435299
54439196
54349285
28956690
30721954
54413047
54407179
54379212
21309592
54332336
49310144
13531496
54323831
3213789
51528699
40147359
15534104
54172278
49752279
52710811
54189024
54160680
12552208
53876392
31403772
16177713
23293301
68976841
20705711
50367814
38347090
69771353
72177975
47717746
53193247
72148705
42739315
72130578
31394569
71945137
71821190
64686001
71666138
4671923
70104210
63233538
66675405
58949421
48681204
46878733
50800133
71045322
50448004
70941245
67968209
28550370
49797508
67008265
37294132
46810503
67358179
70718019
70690820
70622183
28742495
70613221
70468589
28452667
45541666
69801259
37819278
48037060
22246183
70303861
55631819
70258965
42073627
70147764
70102760
70079485
67678449
31238033
31420839
61953249
39349395
69624704
39486537
69790609
69728395
69655835
69653434
69168464
69208167
69317782
45379121
37821148
69314576
21045509
21417954
21173253
68319367
69005145
52006546
36399787
66707629
28431647
27890101
42915073
68777172
34420896
46126100
68642715
28674899
36435037
28834579
68587103
33961861
28390574
34285782
67976506
30733718
60965678
55244531
67994164
68015737
47412063
67708740
32906881
67801385
67738937
33505953
67710910
67652022
29908110
35675296
67504879
67487698
67412611
67391624
50817066
67297773
49574935
67166109
67244223
30052601
64700104
67094274
36365391
67122525
39250754
40088210
67055688
29378552
33970956
66883211
62750213
58180576
63189892
39355358
25410613
66608179
66420090
66470991
60721508
66055391
66385286
66296887
66324134
66345635
66334390
66328238
33763425
57108806
29750164
29836405
65961082
36262299
41142930
34981738
42668617
37736616
65615673
37103948
33368190
65595417
58048875
50839625
54894625
65390086
20436968
62013029
46435789
47694783
61814729
65124566
65118745
32880107
39376856
32787234
28061300
45597008
64696167
54809410
64513747
58993803
50832573
64484294
54689640
30597680
44810315
20338926
63926908
42766596
51678563
63846963
57643385
62636780
34368276
63957115
63850265
63849400
39580415
61036163
24517291
50458393
63631173
57531678
34052002
63467283
24748303
59583303
62921012
28476507
24927365
62905780
63209022
53021525
63137468
63123807
50062830
63082823
62926219
37171004
52737309
62821297
62814447
62787877
23985181
38314077
58896803
62561543
46838659
50158000
41890943
61437446
61122851
62256669
61912505
62031891
42532517
61539234
61936727
50628219
29556883
61316275
38920141
35944723
20334455
38842034
61522934
61559249
60467876
45770136
33929937
60691472
61288841
34510696
61226849
31945515
29945087
61013026
60995054
24074495
60830767
36329978
52243185
60105098
60709733
35395135
60592060
60522311
60481597
39306321
60315859
60211436
60208148
50844791
59781155
59970060
59789546
59779670
44538552
55000537
56134911
41392167
51207995
59578845
34683956
42561245
35208957
46769919
41779982
59319934
59299726
43064681
35211950
56985890
56576058
58914525
23233362
38330578
40363038
58476757
54768292
42390788
58715479
29813336
34439072
39753097
53417037
29033873
31301036
29550508
47940330
58460886
58387330
45455718
58297097
34041113
48987223
47537242
58049862
58049150
58011941
58007624
57499016
36086776
38485009
57459561
57395365
56939736
57279944
46873885
34927723
36420344
57060996
56969660
32957741
46534053
56806531
53619024
56787707
56396876
48866074
48081847
56379551
56577460
51397676
56456440
35165963
30337375
56405821
56404529
56327186
56333608
52450414
39206599
56232852
56262117
40140700
25308301
56173038
40720887
56085143
56071694
29656562
19581150
55952669
49626315
37318922
52136194
48312324
35397204
35356629
47809805
55380056
36276909
55745981
55730037
54349635
44114008
36536523
55553171
55535999
29930597
35471654
41917666
32387137
55240816
54874190
52125613
27258872
53212955
55141396
54828462
55125945
55128742
48971057
35584577
55109043
55097681
55044760
49656019
39775782
30261962
35186902
30944671
54811112
36544360
54705879
34805176
38564512
48097691
53359732
53638074
54569464
28408114
54517907
53288986
43526801
54381428
54375039
54185402
54265098
31807182
30387255
48646606
22315159
53838796
49896424
52151909
53585211
53518148
53446562
53351111
27369760
50096441
25358599
37693566
50549307
53232947
53197993
52968631
37213147
39229458
33317555
52991247
31523932
52806685
30975634
52759473
52947477
52927526
52912427
52849253
52841159
52743217
41936612
42277000
49364745
52743004
31421858
37213109
52694608
43992912
38782165
52302836
52118591
52085012
27138367
51309576
32979964
52020435
32667781
49833533
51734985
51729477
51528649
51430279
51427334
36942451
39438901
51242929
47078005
51028955
50928535
25016397
50817281
50852373
50856546
50820452
50815532
50766058
43624701
47354298
50595971
39558202
50362634
49754893
42094681
37073050
50129234
50046482
50016405
49981107
49894972
49860710
25209508
49814006
49129710
49691207
45021251
49191068
49511741
49542506
49274490
49494755
49072631
37614214
49457912
49340645
49363485
49414210
49390572
46383142
49191717
33965723
48908021
48298730
31772509
47685518
48688805
48661298
48573103
48563725
48491089
47577635
48202240
48427466
48345028
48308642
48281161
48178983
48007832
47993472
47863582
47978440
47897532
37030336
46097973
47819788
47737844
44074173
47650757
46304587
47650212
47596959
47604458
47590254
30758696
45665721
47106147
47427166
47414076
47390134
47153053
47275905
47301670
47073653
37621240
41907432
41996428
46202027
46789257
38641190
46513349
47191768
47174618
47078642
46959184
46994676
46749263
32182060
46598149
45117759
42393136
42898317
40613068
46299082
46192089
33778708
46208247
44494846
46160053
39727106
46065486
42861182
46028272
46016895
46006337
45869826
45717803
45822957
45710819
45687402
45637827
45562130
45135149
45393341
45347344
45331679
45264242
45158969
45094382
45065123
44057132
44943546
44886058
39688297
44835094
23659367
44806049
44607716
37149183
44497590
44130822
40903900
44414778
38329114
31998205
43966265
39512507
43678021
43756939
43344002
42690954
43370329
39221241
31123017
43535717
25124632
43486587
43411919
43414472
38229130
30127135
43337497
41453872
43282599
42888290
43106129
43153146
43143846
43147380
43088830
43085151
43054159
39316380
32330671
42957747
42954261
36968728
42827387
26415350
42504359
42649187
42613782
42591726
42596716
42434112
42626452
42400522
42532204
38445701
42482792
36415746
42295021
42341503
42290280
41291295
42228490
42118087
42161149
36106098
42032010
42032951
41935821
41875864
41719003
35336006
41732720
41737224
72507876
55783219
21920675
68662257
62127903
72505184
63341324
59464169
25451308
47042331
72485529
37775213
72495826
72488877
66980512
72494088
69914218
38402457
67782975
28691503
72486980
70098414
37712400
65974316
43385617
72478959
68312799
45779567
67533234
72476007
72476149
59697971
38631073
66421053
72376188
52294526
45863421
62654975
70944858
72460776
17587751
72457139
37269958
42219784
59451039
72441399
72457293
72450772
70181238
44301613
52286143
69511275
52292329
72450875
71339698
72414764
67654506
72395197
30394256
72448793
26345407
72380820
72445933
72445617
43211282
49369494
72444059
72442985
58955434
67339977
54552962
48698299
17421104
31683788
60454760
72198821
72440899
72440809
68115258
65058335
47199242
50321966
19784877
62355581
72424811
70802018
27436050
72430436
72421672
27301960
57470110
45158803
63161402
72423380
72418857
72383477
54260988
72345509
57127371
72420838
27082379
47743963
72409874
55948003
64342744
39953495
30474767
72410363
69933294
36085908
72398096
32318870
72390945
24510219
72401886
72399822
64167085
69871067
17216300
72378165
72382700
71834637
68113077
72393819
16736856
69162866
72388741
70936120
72389424
66164771
72383226
29312900
16717064
59549988
67490537
36330895
70780523
57431043
62678785
69450710
72367422
31464865
47135270
65741969
18302603
67732923
72355604
69341678
21745143
68236007
72339857
65991502
69786522
57105154
56075455
46011851
72356654
51101178
71172487
72207645
57874803
53921194
49045393
72354179
72354142
52986665
72340745
71707858
72346917
72343745
63853039
72314724
68206925
72341317
72341581
66996739
72288648
72339590
63492211
62007188
72336270
31990372
63598601
54196270
54246049
72332952
23359572
70360401
71223399
35524473
72330310
72330094
72328528
66525346
46973058
72327267
18991161
72327307
72324585
72326628
72326182
17324849
72261581
34990479
72317847
39945536
72313513
72285407
66596943
72114948
57770464
72285360
51381604
52503768
68146961
72268530
50933985
44094037
49271635
53320814
34702296
71619512
72301179
16804093
72298548
60598218
72266820
71812710
72292280
70710464
28418450
67901488
42815333
50027691
34324796
64624422
20226912
37052934
37302702
64473908
72223223
28785261
16579334
72282521
72281673
42516117
53932195
62048891
59657146
72271262
72255675
72269948
28258449
70878643
38180280
21173826
72259831
17727645
54893082
72194080
71761972
71513360
71535668
37267335
53888000
72255465
20737200
27014901
54319860
72255108
38163380
72252602
57029081
67901965
72247247
72231871
68789712
72234716
72237784
59650844
58231063
72227059
67405791
62571940
72183226
61930007
72217388
70928724
41764338
71113896
58526406
55536637
72212708
46751766
68585885
45811579
60099885
35909785
18723755
51373608
47445452
60633542
28667666
61096204
72196563
70905560
72177019
72096871
72173591
72189706
40618803
60475481
72172348
72188302
72184788
59689922
71013971
72150188
67724242
70632741
72053336
43423302
68597899
27364565
72163958
72163617
15825081
31733548
72160485
47165622
72157781
16701256
67807065
56580980
72138942
67961642
72145363
32152489
65434538
45420279
64002382
37114768
36338685
63157065
72132294
71566153
47173708
18551756
67705031
56233127
72125540
60388860
72122259
70417928
47239251
69408222
61531207
72104083
72103683
72117878
49540748
33572875
52835953
30595187
72113087
18797515
72103146
72078877
67554279
20574111
27536491
72108948
20921456
19172565
21065477
20562189
21882804
28498688
62923024
32483917
72101694
71324714
72097335
29341744
72095080
18947314
72091238
72091738
72091405
70667129
71950569
72034438
63792141
50589046
71900049
59780013
71590120
32856919
61584229
72071150
72030420
69663243
72059670
72065323
72035768
72059936
69318147
68772264
35521390
71965775
57042763
53503154
72043508
53962831
72053965
68920481
71989810
72052835
71949058
72044608
70249280
72049822
61188899
68321330
72046917
66722486
27438145
71963228
72037180
28000145
72028285
69460128
72029068
28034899
33172065
72012895
72024297
72025467
36081603
61023968
57892414
10636635
72522676
17770615
72521216
72522583
24989218
18011034
45267041
65984619
72193058
72520865
18675521
13154445
72519145
38184207
8129040
49856761
72001803
59340056
68872228
68962458
66493551
71549488
69781886
68752739
69819259
34798967
72510584
72500622
72461433
39604889
25803727
72508420
47789703
59044161
52390899
66682187
50295607
72516578
24929977
44372376
43304376
3172333
67776373
10748416
44631604
49254877
47524128
70072933
72479746
49886597
72495546
72492518
72514778
27139281
6238881
24098494
7940765
9529504
72510763
69202748
68852110
20124428
72500348
37641917
54060512
72470973
72509470
42098150
72511469
58142655
72510936
72509332
4969217
28998327
72509284
37926153
2264072
72510979
72464343
27009706
71462052
54354034
2721839
2685254
72501903
61720062
46402772
40105706
34481525
65901834
69901608
46135598
66333054
72376505
72482717
68894585
59870607
66546962
70938297
72503411
38957055
72501715
9608140
72505494
52365173
3152681
51465090
31146611
72498772
57733287
71645763
56557266
58079131
72498787
72502999
44131766
43852562
20264268
70158874
16078269
72500112
72500589
72492412
72502593
64753944
36236181
43917214
38088915
72499475
72501302
72500441
6064510
64334518
40765890
19581543
71060445
28914215
72500217
72470316
4502605
42687001
71431495
66703448
72498217
72463414
72048221
72498447
58654144
39514447
43431896
66251718
72239524
72497468
68234441
71909902
70137406
72488823
72489240
72208980
30055201
5716323
9791361
48298910
72493409
72491203
17901692
64907154
61577964
6308000
11995406
72490178
25175522
17673461
5988605
72489023
72456773
54050467
41074798
72490557
67253178
63208779
72490575
71790363
72485349
72488833
66202997
72488427
36177629
72480174
72475898
14219685
72484345
72489428
8854359
31097219
72488667
37104960
52673053
68600352
60516401
27815782
11029294
66169601
42346899
61234417
8438943
72479962
72397184
7741099
72365894
56412635
37601346
10684574
72463894
3355220
6928306
18592169
64557129
5312334
47035899
58264518
72474410
72481664
48762263
72481756
16370046
72483178
72483410
70076735
11451393
17684936
24562716
70476714
72482754
72410755
72482000
72475914
5644460
72481622
48275051
64064133
9357111
65399708
72480740
72479788
72480494
20300446
65506841
72478905
57401663
5810942
71781057
72370894
72474742
5474089
72464064
71396736
49965610
5161951
72448425
72310642
45659610
52832640
72472346
60408122
72401094
72475673
38418809
24284977
71778292
70314533
65502088
63162392
60734795
44218614
56835962
72412416
72473113
67756584
2486934
54065354
4393082
66501635
72350882
56716047
72472539
67722013
56647083
72470596
72289233
72471896
42320225
63649861
31145255
49972850
52630237
58013128
72471362
70575132
72469308
72412564
55157310
72462675
6687666
59974428
28300359
72469539
72459634
72468934
54827455
72465943
9667297
48181751
44364240
20703178
72466948
62694866
4106198
72393097
72466344
71790044
72465732
68839798
66341823
11121028
70515799
51845559
51859275
54887278
72395653
72465275
72456415
22490057
72459125
72464618
16885300
17263619
72463823
71242359
33477025
44942851
22627646
66916806
12829917
72462457
70058192
11020235
35815041
72457486
19099296
60885459
21852718
51019518
72351154
5448841
72308484
5618402
38074949
20822977
43799026
71658203
68971231
41425868
9148899
51123197
26763702
59750830
37026994
72451333
72316925
71748541
31778414
13642527
72415094
65611801
49199016
72302865
72269368
72300135
72449330
38249722
71767891
72442101
72415836
54308344
72455075
50654820
72442707
72454322
55265313
16745001
68200773
72453716
67977185
72454583
72453308
10173544
70821680
72452794
24078275
66506009
72449241
72359165
72449461
17695593
70594375
72446637
38109685
25462523
14871169
3861073
72447902
53563173
57929778
72450349
70792044
68142916
72448587
14853325
72448789
44843781
72448553
70044393
51610420
72448830
72320621
72447762
72447451
72537373
70893361
72536485
53150219
72519920
72499847
62666204
51534616
72423874
72533089
52023610
64449293
72532138
53588785
68759809
51071933
51136826
72534086
65450942
68050271
72532115
72532835
59234169
44087400
72530905
72531485
68576699
72529719
72529918
59040827
67947146
65630743
52398435
69568460
72528905
72528414
58878346
64482468
72527060
71542933
72525938
60489980
72492020
72239258
72514067
72525897
72523625
72505027
72518459
72525015
60535368
54285172
72445017
72522119
70890575
63914443
54869155
72523208
72210211
72522641
72522482
72447879
72521978
61099151
72520302
67840643
71989084
72520014
70134471
50670325
72519979
58319532
64823361
70320263
72519505
71763979
58301448
58308170
58322513
59034998
50632217
61363466
61734972
49072957
72506950
65519409
66856140
68178708
69036048
70414794
70479527
66828256
72515887
72509183
72516246
60510150
72515442
57253398
72498791
72514413
46486475
72505773
72478780
62639268
72514576
72513971
71646404
72512914
62140368
72512474
72511971
72511929
72412948
69324429
72510466
63232767
72510644
50662428
72505060
62968486
62100845
72423387
72499975
72508446
62732935
62580280
50293503
72507330
72310123
72506211
72506312
66261006
72505388
70765974
72505079
72503764
70310806
72498437
72504644
72504002
72503502
54690790
52070959
72501432
67663762
72501079
49577781
65505594
69143366
66581364
72503021
64901180
54799003
72502541
72502571
70106845
72483634
66557497
72500727
72501019
72499723
72500508
72490616
72500041
54990716
72499997
72499670
71157863
66905349
61055969
72498716
72498194
72486898
72498052
72496683
50400529
72412957
59137180
67768638
72489308
72496137
62673415
72495404
50936008
72494506
72494030
72490770
54651878
66287582
72493552
65429750
72480508
71022764
72440088
68040300
56351254
72492365
72492187
72491233
72476715
72491151
72489827
50683524
72233476
72488205
72489117
72489577
55515671
72489225
72488870
64380359
72487742
72487829
72120639
61838741
72487328
72487371
72485527
69944913
72475043
72190796
72485987
52002388
72485990
72485888
64854035
65700906
72483419
72481155
72483861
72484352
70630765
53466794
71537560
66623298
72481188
41540409
72481922
72482076
55905889
72462241
72479398
53294148
72481110
68233927
68324156
58057555
72386371
72480822
67021052
72479689
72480048
72479661
72479315
72478357
72478347
72478560
71142262
72479084
72475460
69634333
67230640
72476652
57734672
64853113
72471274
72464896
67173183
72475854
49888067
72475119
63155465
57761489
72278109
72406467
72473876
72473525
72473289
72472348
72472748
72472786
72471773
49648022
70142129
72397843
72472198
72417949
71236198
72469237
70401732
72470060
61819226
72470455
57633439
56951330
63577189
44579918
72446418
62099693
59475607
72466958
72466868
59510116
68624876
72454942
72465094
72464205
72463696
52691887
72463914
59458402
72464234
72463792
55102880
72462405
72461341
58561485
72411830
64609094
60045569
72458576
72461840
70912569
72461748
72459613
68520264
72460798
72461068
70831145
72459779
72459807
72459636
72458586
72456423
72449772
72458620
59947233
72445691
72451628
72457687
72456537
72457017
57500645
72435686
69255828
72300210
72416953
72444064
72453576
72454988
72455518
71507445
72452260
72451319
70528239
55671441
64278595
68964948
72451301
66871089
72448676
72450378
72068519
72449806
72447999
72417031
54372719
56220691
57824388
63188231
51930040
55898181
72439460
51587003
71199859
71956969
72447031
72447215
72445095
66167998
58496387
72445023
72304056
72443333
48097332
57878887
55431120
51824959
72344074
72437094
68185632
72385707
72435177
72357394
61973735
43692923
67753297
72433582
72441931
72440072
72441299
62842093
72440990
72436245
55568503
72441159
62549791
72440370
72439821
67456073
59812714
72424673
68929912
72436944
72436021
53402799
50441168
70553147
70308823
72422715
72433897
62276050
72420177
72434708
70929026
72434579
70335344
72431972
72410358
72434111
58146451
71799190
72430547
72431085
54488236
72409411
51398531
72419533
58913303
52681041
68419640
72432242
72431639
72431922
48081917
69798031
72421397
54091055
50619848
72430393
72429030
72166377
49602695
49765219
72429193
69675349
72427726
72427648
72427948
67321949
47124945
72427255
71862392
68248920
72419049
72424154
72425655
72414895
53517382
72420640
72425301
69326384
72422638
49756133
72421342
71606334
72423442
60916607
56735552
72393212
60584380
51036758
72421457
72423223
72418377
72422631
70174219
72421895
72421842
62630553
72419723
72421503
72421115
72418645
72418437
72220546
72420174
71773832
72413156
72368700
72419370
72418830
72373437
72418663
69509861
62568757
72536792
72542081
52867948
72548703
17379117
72546616
24578243
64014438
62615614
70506905
28307414
72540246
72539451
29800449
21798694
72526862
72531676
21794272
61125845
58066580
72517773
72514987
72505197
24916152
27609442
72507150
72493484
72425847
72339201
68606704
70493612
50907905
31282816
7411295
72024642
16633956
28659536
59129171
39547100
71993213
72017238
71887636
71897328
58594801
72008301
33655292
54627009
71984199
72000706
29878370
71031901
63922631
71926825
51795731
57848280
71964600
47573553
53360220
71958812
29391421
71964624
71377448
70855621
62089862
22629152
71983111
72538558
62718381
72504986
39577042
36652603
38050302
67114134
59270007
69526426
50448148
72492470
72501361
72381730
69139559
72490008
72490233
50631828
60004581
45849856
72476209
72416260
72478496
63168139
72467917
35157849
72456940
72397467
44245054
72456614
72449309
44613974
60011516
72397516
72437325
36560520
25886936
72434964
72405987
18280960
72429297
72429844
72403371
56340551
72411081
72403067
72374710
72352635
72322259
72275461
72262576
72260902
68650592
39628930
3931246
46091211
51403071
4516572
72407577
1341847
5483830
72552313
26515700
57769319
18360873
72540727
8778734
72532273
72526389
72539896
9237996
39004805
72551606
11973505
72542024
63086853
72529111
72551590
72551423
24314826
72525288
69140156
72551116
4049833
54147277
877096
60830757
36106620
54487750
59688462
72550463
8697513
22007341
41427384
8665292
72544347
52431764
71243978
72332904
72546118
67971026
56438302
2569053
29195269
72548848
72503726
2965251
36910746
72534948
55683452
12849913
26376073
13375357
49762409
25455574
72539509
72546531
72548089
58241730
72548220
26378907
72543659
20496239
72423359
67762389
70914692
72546088
46349453
69222684
25764459
19190592
8098601
72542668
72546425
32172065
72546743
72546297
72537430
68111143
67777724
23464036
72545833
5762270
20333726
38380837
72544327
72545568
5486402
72542732
52594764
55778794
28042426
72498079
72544287
72531009
43378223
72528947
72543096
64866180
64795344
26168493
65189429
5067619
50618350
47810320
49599660
41668819
8712469
72437295
62916394
13102045
72541519
72522031
28810477
3040597
45624859
72543085
72543171
32269064
66060750
42907553
72506446
2131802
71881542
72538530
72542618
10028260
72522767
72542331
1966836
72527898
72529044
72538589
11608531
15334394
31227232
36237670
72541272
71857622
72532672
72537788
15127131
72540090
72533629
1005551
72537715
72536135
72525679
72532813
25938560
51840101
72539237
72536143
72534192
72539341
72536427
72537927
55406807
72533964
10394857
63141658
72538018
69333560
29269048
24621265
67545365
19484406
21350293
72535279
72420787
72510931
53795179
60934555
72200145
72536346
72528726
31853109
72534971
72535319
42629583
16394252
72447671
72535676
48904661
72040361
72534711
71516273
1980953
72534359
41813703
53134212
72481187
72531864
43191294
8895091
60021815
71771423
72519871
37047386
72497547
72534408
48448331
70452633
19630795
31502176
72532996
71768709
72505128
72284196
71575253
42667942
72532567
34116833
11441666
3481828
24319697
70877916
18021218
72516476
43569980
20740703
72517158
69733585
318239
72526075
20218486
72531086
72531329
72521873
72508332
72478972
16499228
72525470
72531037
60943175
8049872
72520720
3769459
8476349
72530413
72516085
72486595
72509294
72529133
72529081
40960835
38710585
72436849
2618272
29090277
59301937
55482207
48265943
46957952
72528790
72522705
8762305
72528192
40384056
1631125
36040945
72528496
72467515
52213241
72486987
57853373
52911277
72525232
52502189
72527872
36054795
26680678
50807771
2547867
22775758
72517794
72526691
5070830
72526959
71657324
72527071
60608260
72526860
935511
29345792
72525008
72520018
37638512
72525481
72483189
72525619
72459648
27080373
25977710
21806298
72501304
54619158
72522856
72525572
49561425
72507079
59501948
72522129
63280538
2683202
27694442
6593597
72489930
5783086
72522744
72524266
71515070
72520983
72482952
72523424
16266459
11494222
56656685
72522680
72523183
62148505
72522436
7287374
72518531
32606652
23413881
27131143
11632120
72504850
72512728
72505534
72420695
12198511
72520878
72519125
4082416
72521385
68020429
72500420
29079693
72521085
62842056
72520817
12724023
72520641
3862800
10021599
55586590
72422160
72503723
72493541
27183759
21973762
2007192
72518130
26555630
55082676
72500522
61912547
72465711
72518167
72515841
55339298
72516269
64210167
72516168
72517120
72488983
72516172
21713414
72517136
3177733
72508897
1292488
18747134
25606906
54499133
32923586
72516551
72516251
1139496
72512928
5654547
19207599
72514052
72462842
58301307
72514729
55112349
72514175
72513719
72505650
43325640
48864005
3661413
72513608
72512554
72513467
72512422
19143971
25581176
71864860
72512975
58793828
72512817
72513099
72512653
72511985
72283151
12561970
72509122
72512176
4861523
72510465
58179771
7209110
686415
72511170
34476543
34169312
34342628
30735061
27602163
34362262
34316171
34317022
28832144
34042730
34231980
33502939
34058628
33894248
32603382
33948688
31605491
33734475
33311533
33830350
33828339
33100754
33589922
28100803
33444431
33415688
33362591
20661516
11973090
33255294
33098923
25684598
32705993
32871463
32688359
32711132
32707894
30844608
32633236
32499667
14152536
20848620
32354340
18035785
29489746
32303361
31787938
27826935
32116424
31984973
20708200
31756424
31875893
29374696
31823844
29752911
11312786
31330508
30872985
18334315
18284026
31494217
31445844
19227767
31392601
31379670
30575190
31095115
30943288
20078906
30863531
28227392
30096491
30644079
25301292
30466163
30447840
29992314
30206434
30382129
30165959
30047918
30022197
30021760
30007275
29966442
20046021
29950640
29946970
29895691
29428893
29652250
29496860
29415967
28062028
28357234
29089524
28972419
28782518
28859830
28857803
24904445
28704574
28654655
18767974
21980250
28237696
10982370
18836809
28388488
28147212
28070142
27954426
27893164
21718021
27533692
21686711
27180210
27177260
16744737
26908377
21911608
24231913
26472487
26356403
26019156
26021023
25975564
25911902
25324276
25309317
25279901
25184160
24831844
23989278
24481909
24330639
24293468
24076489
24213662
24145144
24132558
23115258
23798828
23767575
23548545
18954098
22787840
23452766
23178133
23343348
14354306
23194395
22946299
22973949
18816395
22732075
22686977
21054100
22463453
22410766
22392654
22346116
22328549
21970154
18816476
21737643
21917412
21880482
21722136
20912169
21537805
21611539
21458523
21392163
21443276
21400264
21008102
16132941
19425411
21114254
18344732
21031556
60310365
72555523
59933234
51541196
42326892
72518537
72528768
71305191
71555432
70959357
70958945
59617399
70979838
63125007
70964463
27037194
70963556
70953878
70928970
39272095
43138788
70942377
59160315
70823373
70940755
70942265
70938635
41895699
42529678
70883972
70935011
70905369
47023403
58963389
62185187
70909927
70901738
30089011
63289909
70813464
70875103
52925896
70659383
70886921
70883143
70866471
70839340
70881198
70831160
70851541
70859145
70589558
70852991
70851288
70829390
70835309
70804743
70818272
70787743
34194768
70791817
70766380
66006595
59963827
70729260
43369484
70742886
70750671
70742230
60360430
70741236
70706643
70737191
59979322
70712772
20480724
59197031
64560659
70705268
56689789
70708021
70708564
70691531
70690210
25626364
56681358
70657211
70667035
70664116
59135000
33695361
70661950
70652539
70638559
50750651
49403069
70650944
70624523
70621890
60624519
62575646
68639893
70632689
70635831
30920180
70633895
70440824
46915404
35776265
30064067
70613520
70597314
70584186
70578135
38207168
70597999
70566463
70592563
29279845
70584748
47026323
70567783
70581843
62293280
70573500
70569630
70526592
70568395
61619106
70565884
70436465
70554403
70556848
70551109
45995793
70543276
70512358
68382603
70534416
70446251
44575846
42010366
70536723
70534130
70532189
70470989
70522747
70460579
70519819
69547575
54101607
18346430
70516424
70515388
70503143
70503489
60794798
70499447
70494913
70491773
70484084
46470827
70442659
38417979
70463199
66026072
20078273
70448174
70440311
70430871
30657344
70449672
40177460
70429596
60571485
16398967
70432686
55379898
70432115
70416087
70427881
26794862
57609258
70405218
70406090
70379880
70396439
70402120
70396406
70390203
70390945
70393754
70391502
70373512
70381812
70376536
36514231
50482859
70336463
70121914
70378096
57036530
45275235
70007983
70296028
70174386
70347196
70347873
26668509
38592837
70129682
70314214
70327057
70322411
70299426
70321330
70263912
70327407
70320338
70318926
32913177
34582728
70298267
70294116
70287377
70253481
53335001
52216315
46119640
70113672
70270328
45712312
69788033
63420323
70270747
59171749
70252612
70174981
70218996
70257720
42773234
70205281
70242890
70238786
48778580
69419350
70015577
70229223
70235505
29782121
42404497
69950792
70214199
70210863
65238455
70199128
62284697
70196378
58441077
70122375
69975949
70192180
70191608
51619834
70179141
70172629
69471754
70145067
46941217
70157895
50502484
65767461
70157145
24856116
69206855
70099233
70116671
70109454
70128703
70131946
55347000
70114887
70113945
64761874
70111517
70116484
61577093
52864244
70113388
70097407
70089058
41160918
50287065
56774306
72582118
66737763
55134104
57547784
70232931
72578722
70224470
72580589
72580116
72576065
64856565
68705135
63534084
65739486
72578507
43149055
72520573
72577213
72576756
58389285
71289625
72576327
72575100
72574198
72351256
72551952
72574369
72575035
69729770
56575071
50416380
72548679
72574537
71075293
59130940
72573496
72225317
72564923
69952261
72570893
53179200
72571120
72570737
72570902
72570925
51338041
65071093
72569322
66851817
72569047
72568440
53967624
72568806
72568092
72337812
71898754
72567661
57607745
66383662
58060051
72545964
63301583
72563049
72564908
72564943
54031546
72564708
70739468
72562747
62716405
72135056
72563927
72563786
66227407
52463714
72551547
72548100
63077237
72562503
72561616
64250177
63572951
60921992
72561878
72562085
58839378
72561344
72554183
72261560
72559511
72560975
72560802
64202725
67914166
45424621
72556709
72478921
57735144
72559524
69457372
66074054
72544157
62730457
72557776
49966980
72557943
50245187
41957086
70598551
72518104
65395524
72554917
72555311
72549999
72536038
72553494
72553576
71800164
59636587
72551126
72548763
72551498
72549239
72550288
56981817
72548462
72548446
72546851
72540591
72547841
72546957
72541021
72289521
72547358
72546884
70116297
65863130
72546046
55206733
72545483
51155208
72544589
72229196
72543796
52428973
65898533
56680999
70141793
72543609
51760916
70153912
57917876
72542238
72542155
52598900
72541964
72517814
72488993
60899075
72535673
69737356
72540468
72530242
72513609
72539937
67381239
57919267
72525994
63312503
50412484
52962112
72537987
72537907
72239750
38027292
65035567
46179049
63495322
21399257
16720854
57760408
36365663
14932934
15362960
56522118
54008192
16615038
61099048
29118606
43543197
72565196
72562522
50002931
72553077
72560243
67699823
72558164
55411259
33802401
42614347
72546399
72551285
72539604
72518898
72517183
72502847
71836843
72421371
59354806
52574448
72560493
56183517
72564256
72546476
72560984
31407741
42566618
72544724
68411694
72164317
54592537
30738278
72523599
72425821
56609158
58252699
72513358
72487730
72515912
50401817
72499518
45245850
72481078
44428177
72465773
72454343
72388115
72361109
72374473
71603922
71711438
71554951
70883919
41878013
69502722
72585995
44298702
47896586
72586650
72585446
72584759
72583946
72584446
50453822
13950338
60867626
70684744
72576457
69951008
72571168
68043797
72578604
72576976
72573278
72060687
71030142
72577809
72535001
62289168
72576365
72567778
72565856
72546818
58680028
71070216
72470017
69100358
72442189
54414604
69492176
42569445
72489046
72570904
72560560
72569128
72568955
65295104
72552966
64527844
67605996
72344861
72535622
72566591
72566010
54095875
72508803
72562640
72559186
72565007
72558623
72555865
72561424
72562814
72561140
72559287
72558212
72558136
53206936
72556794
72546467
72528458
72552058
72550089
72555128
72543325
67768746
72552838
51856331
72495002
72552704
64029151
72551610
60830215
72551205
72549987
65115460
72259907
72548654
72547273
72547179
72546905
72545917
72518987
72544313
72546187
69894373
72539277
72544193
72541529
72542455
61124868
54313839
72540836
55402131
29424944
72535187
70045214
72537601
72536073
72531196
60928706
72519607
72530175
72529638
68753383
72532866
72508352
70988755
58252117
72527009
72521009
72391213
72527932
72486696
54106333
72522772
72525060
72412856
72517199
72524693
72521947
70988142
60736424
55837473
72516454
72519792
72520472
63426211
72478531
72491981
72518236
72509491
72514614
72497533
72512303
72500403
72510728
72442284
46136136
72502341
72446488
72501696
72502000
72501603
72500487
72499737
72495684
72497304
71993178
48286031
65559153
72490480
72489875
47955058
72489442
68486227
72487782
51847914
72479514
72485950
72472233
72389169
49024200
72479276
72480608
45380280
72479078
72445176
72475127
72470388
72466939
43469241
72449775
72460416
72463016
72463385
72069285
72452482
72455176
72456581
72286223
72458723
72436194
72445378
72416543
72452474
72339003
72444212
72446138
46723729
72442945
68267576
16336500
45155067
72438858
72415454
69763771
63194589
64925126
72443337
71873547
72440435
72441569
72441488
72437053
72440382
72434420
72437486
72438963
72437776
72437713
72101722
48484994
52558780
54857446
72406509
72435435
65454924
72434760
64734646
72428047
72430019
72247375
68623965
72409051
72345581
72425038
72420017
53391611
72422108
49233991
72426201
60197620
72420242
72419177
72317315
57886100
63217280
60118072
55211291
72416734
72416666
72411806
72415965
72409187
48050487
52078207
69527263
72410600
72411980
72346361
68974245
72406384
72399995
72277024
72408776
66952179
72408375
72407459
72403287
52246401
72407063
72407195
72407005
63719072
67172338
72383621
71442810
63130703
67202030
3930990
72402389
72398403
35970957
59825217
72400538
51835236
53199985
70127304
64277925
48284994
68602841
59133100
72392599
72393012
72389237
49518438
72168460
46226518
47956444
60235314
57160309
67115462
72385815
72379938
72383064
69160300
72378026
49726385
71959878
72382397
72371272
72382146
72269332
50686907
72362591
72376907
72376448
70999182
71338619
72374471
72374197
72373912
72371571
72360337
72356912
72317478
72345567
72327961
72367260
70032514
72370040
72297342
55578601
71313727
72368003
72361281
72316892
72363714
72357819
72361994
72363763
72363306
72362476
72345143
72349904
72360388
72358139
72334875
72358258
66502096
38767376
67080426
72353126
71854022
60096853
72313071
72353414
46539626
72351710
53433108
72351671
72352202
72351053
72350542
50679013
72342366
72347611
72339944
72347820
71936395
72347150
55812574
72342062
72342653
72313457
72341823
60660605
72339994
72333873
72339604
72318777
63873329
72201264
72337318
70123936
47298935
46823118
57795263
72309470
35513636
58489659
71894649
58660364
72330901
72333429
64006085
72318010
72326056
72326648
72307613
72311694
72312589
72290545
72313181
72313764
72286472
71972371
72289050
72235896
72251217
72246837
70727747
72219148
65034387
59289976
51203975
50818283
46689631
42807698
65768699
62918965
72590221
20268520
72589708
72589388
72586500
72338161
72593180
41318005
72576273
72594063
72593071
72556751
59310163
72588600
72583935
54327164
63430851
72585934
72592347
72591440
59590673
66509020
72592086
72581127
72591962
46851245
59764791
72590929
72590876
72589757
72582805
68713176
69521123
72476915
65486315
72589574
72587509
72589456
67443265
58095547
72297148
72561963
72234409
72588173
59405671
72494228
72587559
72585159
67367861
72583920
72586887
64602707
69002521
72586658
72586254
72586222
72585784
52489458
67610111
53861302
54828454
72581761
64781353
72584406
72581921
72572180
72583100
61320329
64949640
49353199
72582412
72579936
72578631
72441376
72576879
72479339
72563017
72570827
72572506
72571666
72560588
72566121
72565238
72550746
72556269
72545850
72550251
72551553
72534745
72545022
72535505
72534213
72526722
72529926
72528211
72525466
72500971
72530115
72528562
72526249
72519182
72526945
72526328
72513380
72524508
72520527
72514958
72428278
72508663
72497976
72500103
72488995
72483699
72443705
72468224
72480025
14030525
20210020
5116909
12708890
51971241
68390589
51570906
8846077
29752095
70538663
72354396
20148857
68375609
68050244
48753810
73060843
